"Run Title:  Replace the rootname and title"
   30        16     "(num of wavelengths, num of sheets)"
"wavelength (nm)" "depth (m)"
"line 5: reserved for future use"
"KLu" "KLu (1/m)"      30       6
 " "
" " "wavelen"    0.005    5.005   10.005   15.005   20.005
 405.0  2.9052E-01  2.8832E-01  2.8650E-01  2.8514E-01  2.8406E-01
 415.0  2.6163E-01  2.5997E-01  2.5851E-01  2.5740E-01  2.5652E-01
 425.0  2.3802E-01  2.3676E-01  2.3558E-01  2.3465E-01  2.3386E-01
 435.0  2.1965E-01  2.1866E-01  2.1767E-01  2.1688E-01  2.1625E-01
 445.0  2.0270E-01  2.0192E-01  2.0110E-01  2.0042E-01  1.9986E-01
 455.0  1.8752E-01  1.8692E-01  1.8625E-01  1.8566E-01  1.8518E-01
 465.0  1.7278E-01  1.7236E-01  1.7180E-01  1.7130E-01  1.7090E-01
 475.0  1.5910E-01  1.5879E-01  1.5834E-01  1.5794E-01  1.5760E-01
 485.0  1.4763E-01  1.4741E-01  1.4705E-01  1.4670E-01  1.4642E-01
 495.0  1.3950E-01  1.3934E-01  1.3905E-01  1.3875E-01  1.3850E-01
 505.0  1.4476E-01  1.4454E-01  1.4421E-01  1.4388E-01  1.4359E-01
 515.0  1.5681E-01  1.5645E-01  1.5601E-01  1.5561E-01  1.5530E-01
 525.0  1.5806E-01  1.5765E-01  1.5721E-01  1.5679E-01  1.5644E-01
 535.0  1.5456E-01  1.5420E-01  1.5376E-01  1.5338E-01  1.5303E-01
 545.0  1.6116E-01  1.6073E-01  1.6025E-01  1.5983E-01  1.5949E-01
 555.0  1.6983E-01  1.6930E-01  1.6875E-01  1.6831E-01  1.6799E-01
 565.0  1.7674E-01  1.7612E-01  1.7552E-01  1.7504E-01  1.7466E-01
 575.0  2.0308E-01  2.0214E-01  2.0134E-01  2.0069E-01  2.0018E-01
 585.0  2.6957E-01  2.6766E-01  2.6628E-01  2.6529E-01  2.6458E-01
 595.0  4.2181E-01  4.1693E-01  4.1415E-01  4.1234E-01  4.1098E-01
 605.0  5.7084E-01  5.6232E-01  5.5823E-01  5.5565E-01  5.5343E-01
 615.0  6.2285E-01  6.1293E-01  6.0838E-01  6.0582E-01  6.0378E-01
 625.0  6.4884E-01  6.3823E-01  6.3349E-01  6.3195E-01  6.2880E-01
 635.0  6.9863E-01  6.8663E-01  6.8143E-01  6.8006E-01  6.7610E-01
 645.0  7.4494E-01  7.3163E-01  7.2607E-01  7.0853E-01  7.1997E-01
 655.0  8.5131E-01  8.3476E-01  8.2833E-01  7.5869E-01  8.1931E-01
 665.0  9.7784E-01  9.5724E-01  9.4984E-01  9.4551E-01  9.4450E-01
 675.0  1.0386E+00  1.0160E+00  1.0082E+00  9.6484E-01  9.9855E-01
 685.0  1.1085E+00  1.0836E+00  1.0752E+00  1.0511E+00  1.0653E+00
 695.0  1.2681E+00  1.2377E+00  1.2281E+00  1.2213E+00  1.2163E+00
"Ku" "Ku (1/m)"      30       6
 " "
" " "wavelen"    0.005    5.005   10.005   15.005   20.005
 405.0  2.9188E-01  2.8939E-01  2.8729E-01  2.8574E-01  2.8460E-01
 415.0  2.6275E-01  2.6092E-01  2.5924E-01  2.5796E-01  2.5700E-01
 425.0  2.3890E-01  2.3759E-01  2.3624E-01  2.3518E-01  2.3433E-01
 435.0  2.2048E-01  2.1941E-01  2.1829E-01  2.1737E-01  2.1665E-01
 445.0  2.0339E-01  2.0259E-01  2.0166E-01  2.0089E-01  2.0026E-01
 455.0  1.8815E-01  1.8752E-01  1.8676E-01  1.8610E-01  1.8555E-01
 465.0  1.7325E-01  1.7287E-01  1.7226E-01  1.7170E-01  1.7124E-01
 475.0  1.5950E-01  1.5924E-01  1.5876E-01  1.5830E-01  1.5792E-01
 485.0  1.4796E-01  1.4780E-01  1.4744E-01  1.4704E-01  1.4670E-01
 495.0  1.3979E-01  1.3971E-01  1.3940E-01  1.3907E-01  1.3877E-01
 505.0  1.4511E-01  1.4494E-01  1.4459E-01  1.4422E-01  1.4389E-01
 515.0  1.5728E-01  1.5692E-01  1.5645E-01  1.5599E-01  1.5561E-01
 525.0  1.5854E-01  1.5815E-01  1.5767E-01  1.5719E-01  1.5678E-01
 535.0  1.5506E-01  1.5468E-01  1.5420E-01  1.5377E-01  1.5340E-01
 545.0  1.6173E-01  1.6125E-01  1.6072E-01  1.6024E-01  1.5984E-01
 555.0  1.7052E-01  1.6989E-01  1.6925E-01  1.6871E-01  1.6826E-01
 565.0  1.7749E-01  1.7675E-01  1.7606E-01  1.7547E-01  1.7498E-01
 575.0  2.0413E-01  2.0290E-01  2.0194E-01  2.0120E-01  2.0061E-01
 585.0  2.7127E-01  2.6871E-01  2.6705E-01  2.6587E-01  2.6501E-01
 595.0  4.2506E-01  4.1840E-01  4.1511E-01  4.1304E-01  4.1158E-01
 605.0  5.7585E-01  5.6407E-01  5.5928E-01  5.5645E-01  5.5451E-01
 615.0  6.2810E-01  6.1478E-01  6.0947E-01  6.0639E-01  6.0431E-01
 625.0  6.5520E-01  6.4010E-01  6.3458E-01  6.3241E-01  6.2929E-01
 635.0  7.0411E-01  6.8859E-01  6.8257E-01  6.8599E-01  6.7701E-01
 645.0  7.5138E-01  7.3363E-01  7.2724E-01  7.4233E-01  7.2150E-01
 655.0  8.6053E-01  8.3691E-01  8.2956E-01  8.1801E-01  8.2208E-01
 665.0  9.8668E-01  9.5951E-01  9.5110E-01  9.4634E-01  9.4254E-01
 675.0  1.0471E+00  1.0184E+00  1.0095E+00  1.0006E+00  1.0007E+00
 685.0  1.1189E+00  1.0860E+00  1.0766E+00  1.0432E+00  1.0686E+00
 695.0  1.2800E+00  1.2402E+00  1.2294E+00  1.2304E+00  1.2206E+00
"Kd" "Kd (1/m)"      30       6
 " "
" " "wavelen"    0.005    5.005   10.005   15.005   20.005
 405.0  2.9094E-01  2.8863E-01  2.8674E-01  2.8533E-01  2.8428E-01
 415.0  2.6199E-01  2.6026E-01  2.5874E-01  2.5759E-01  2.5669E-01
 425.0  2.3833E-01  2.3701E-01  2.3578E-01  2.3482E-01  2.3403E-01
 435.0  2.1992E-01  2.1889E-01  2.1786E-01  2.1703E-01  2.1636E-01
 445.0  2.0295E-01  2.0212E-01  2.0127E-01  2.0057E-01  1.9998E-01
 455.0  1.8774E-01  1.8711E-01  1.8640E-01  1.8580E-01  1.8530E-01
 465.0  1.7298E-01  1.7251E-01  1.7193E-01  1.7142E-01  1.7100E-01
 475.0  1.5926E-01  1.5893E-01  1.5846E-01  1.5804E-01  1.5769E-01
 485.0  1.4778E-01  1.4753E-01  1.4717E-01  1.4680E-01  1.4649E-01
 495.0  1.3965E-01  1.3946E-01  1.3915E-01  1.3885E-01  1.3858E-01
 505.0  1.4491E-01  1.4467E-01  1.4431E-01  1.4398E-01  1.4368E-01
 515.0  1.5697E-01  1.5659E-01  1.5614E-01  1.5572E-01  1.5538E-01
 525.0  1.5822E-01  1.5779E-01  1.5732E-01  1.5693E-01  1.5657E-01
 535.0  1.5472E-01  1.5433E-01  1.5387E-01  1.5350E-01  1.5316E-01
 545.0  1.6134E-01  1.6087E-01  1.6038E-01  1.5994E-01  1.5958E-01
 555.0  1.7001E-01  1.6946E-01  1.6888E-01  1.6841E-01  1.6802E-01
 565.0  1.7693E-01  1.7628E-01  1.7567E-01  1.7515E-01  1.7472E-01
 575.0  2.0332E-01  2.0233E-01  2.0150E-01  2.0084E-01  2.0031E-01
 585.0  2.6989E-01  2.6792E-01  2.6649E-01  2.6545E-01  2.6467E-01
 595.0  4.2234E-01  4.1730E-01  4.1443E-01  4.1258E-01  4.1121E-01
 605.0  5.7154E-01  5.6278E-01  5.5856E-01  5.5594E-01  5.5402E-01
 615.0  6.2363E-01  6.1343E-01  6.0873E-01  6.0592E-01  6.0386E-01
 625.0  6.4963E-01  6.3871E-01  6.3383E-01  6.3086E-01  6.2871E-01
 635.0  6.9945E-01  6.8715E-01  6.8180E-01  6.7859E-01  6.7628E-01
 645.0  7.4580E-01  7.3216E-01  7.2646E-01  7.2305E-01  7.2058E-01
 655.0  8.5228E-01  8.3534E-01  8.2877E-01  8.2493E-01  8.2208E-01
 665.0  9.7890E-01  9.5788E-01  9.5028E-01  9.4580E-01  9.4240E-01
 675.0  1.0398E+00  1.0167E+00  1.0087E+00  1.0039E+00  1.0004E+00
 685.0  1.1097E+00  1.0843E+00  1.0757E+00  1.0706E+00  1.0669E+00
 695.0  1.2694E+00  1.2385E+00  1.2286E+00  1.2228E+00  1.2182E+00
"Eo_quantum" "Eo [microEinst/(m^2 s)]"      30       7
 " "
" " "wavel" "in air"    0.000    5.000   10.000   15.000   20.000
 405.0  6.0157E+01  4.1217E+01  9.6015E+00  2.2640E+00  5.3915E-01  1.2932E-01
 415.0  6.4021E+01  4.4232E+01  1.1907E+01  3.2348E+00  8.8589E-01  2.4409E-01
 425.0  6.4190E+01  4.4670E+01  1.3535E+01  4.1298E+00  1.2684E+00  3.9159E-01
 435.0  6.6645E+01  4.6681E+01  1.5509E+01  5.1808E+00  1.7403E+00  5.8718E-01
 445.0  7.8377E+01  5.5213E+01  1.9974E+01  7.2555E+00  2.6478E+00  9.7003E-01
 455.0  8.5475E+01  6.0526E+01  2.3630E+01  9.2535E+00  3.6376E+00  1.4347E+00
 465.0  8.6224E+01  6.1344E+01  2.5789E+01  1.0864E+01  4.5912E+00  1.9456E+00
 475.0  8.8720E+01  6.3396E+01  2.8552E+01  1.2876E+01  5.8208E+00  2.6375E+00
 485.0  8.7400E+01  6.2692E+01  2.9910E+01  1.4281E+01  6.8319E+00  3.2747E+00
 495.0  8.9772E+01  6.4616E+01  3.2113E+01  1.5966E+01  7.9513E+00  3.9664E+00
 505.0  9.0134E+01  6.4997E+01  3.1457E+01  1.5237E+01  7.3944E+00  3.5951E+00
 515.0  8.7794E+01  6.3382E+01  2.8869E+01  1.3172E+01  6.0247E+00  2.7619E+00
 525.0  9.1547E+01  6.6225E+01  2.9974E+01  1.3592E+01  6.1795E+00  2.8159E+00
 535.0  9.3958E+01  6.8119E+01  3.1377E+01  1.4479E+01  6.6973E+00  3.1047E+00
 545.0  9.4166E+01  6.8371E+01  3.0463E+01  1.3603E+01  6.0913E+00  2.7341E+00
 555.0  9.4803E+01  6.8921E+01  2.9398E+01  1.2576E+01  5.3965E+00  2.3219E+00
 565.0  9.4921E+01  6.9105E+01  2.8472E+01  1.1770E+01  4.8826E+00  2.0312E+00
 575.0  9.6170E+01  7.0067E+01  2.5294E+01  9.1789E+00  3.3463E+00  1.2244E+00
 585.0  9.5097E+01  6.9296E+01  1.7936E+01  4.6911E+00  1.2362E+00  3.2755E-01
 595.0  9.1818E+01  6.6915E+01  8.1145E+00  1.0080E+00  1.2696E-01  1.6141E-02
 605.0  9.6398E+01  7.0311E+01  4.0744E+00  2.4526E-01  1.5057E-02  9.4114E-04
 615.0  9.7453E+01  7.1167E+01  3.1895E+00  1.4925E-01  7.1339E-03  3.4560E-04
 625.0  9.7485E+01  7.1278E+01  2.8099E+00  1.1593E-01  4.8913E-03  2.0918E-04
 635.0  9.7754E+01  7.1557E+01  2.2067E+00  7.1554E-02  2.3757E-03  8.0024E-05
 645.0  9.6558E+01  7.0760E+01  1.7368E+00  4.5011E-02  1.1954E-03  3.2267E-05
 655.0  9.0512E+01  6.6394E+01  9.6551E-01  1.4972E-02  2.3881E-04  3.8760E-06
 665.0  9.8253E+01  7.2141E+01  5.6357E-01  4.7492E-03  4.1329E-05  3.6698E-07
 675.0  9.6892E+01  7.1212E+01  4.1284E-01  2.5948E-03  1.6875E-05  1.1217E-07
 685.0  9.1278E+01  6.7148E+01  2.7636E-01  1.2411E-03  5.7756E-06  2.7507E-08
 695.0  8.6781E+01  6.3898E+01  1.2039E-01  2.5098E-04  5.4483E-07  1.2143E-09
"Rrs" "Rrs (1/sr)"      30       5
 " "
" " "in air" "Rrs" "Ed" "Lw" "Lu"
 405.0  8.3304E-04  1.1057E+00  9.2108E-04  7.4226E-03
 415.0  8.3118E-04  1.1589E+00  9.6326E-04  7.7513E-03
 425.0  8.2431E-04  1.1437E+00  9.4281E-04  7.6195E-03
 435.0  8.0372E-04  1.1690E+00  9.3951E-04  7.7421E-03
 445.0  7.9030E-04  1.3526E+00  1.0690E-03  8.9189E-03
 455.0  7.8467E-04  1.4510E+00  1.1385E-03  9.5394E-03
 465.0  7.7608E-04  1.4398E+00  1.1174E-03  9.4352E-03
 475.0  7.7154E-04  1.4572E+00  1.1243E-03  9.5264E-03
 485.0  7.6486E-04  1.4120E+00  1.0800E-03  9.2067E-03
 495.0  7.5088E-04  1.4267E+00  1.0713E-03  9.2695E-03
 505.0  6.6734E-04  1.4096E+00  9.4066E-04  9.0284E-03
 515.0  5.6359E-04  1.3512E+00  7.6150E-04  8.5039E-03
 525.0  5.1720E-04  1.3866E+00  7.1714E-04  8.6524E-03
 535.0  4.9707E-04  1.4004E+00  6.9612E-04  8.7018E-03
 545.0  4.4606E-04  1.3816E+00  6.1629E-04  8.5060E-03
 555.0  3.9450E-04  1.3694E+00  5.4024E-04  8.3527E-03
 565.0  3.6037E-04  1.3500E+00  4.8650E-04  8.1812E-03
 575.0  2.9700E-04  1.3471E+00  4.0009E-04  8.0717E-03
 585.0  2.1146E-04  1.3122E+00  2.7747E-04  7.7446E-03
 595.0  1.2711E-04  1.2484E+00  1.5867E-04  7.2572E-03
 605.0  8.8192E-05  1.2913E+00  1.1388E-04  7.4517E-03
 615.0  7.5481E-05  1.2863E+00  9.7092E-05  7.4018E-03
 625.0  6.7331E-05  1.2681E+00  8.5382E-05  7.2823E-03
 635.0  5.7886E-05  1.2534E+00  7.2554E-05  7.1819E-03
 645.0  5.2053E-05  1.2205E+00  6.3532E-05  6.9827E-03
 655.0  4.1737E-05  1.1281E+00  4.7083E-05  6.4390E-03
 665.0  3.2939E-05  1.2077E+00  3.9780E-05  6.8793E-03
 675.0  2.9335E-05  1.1747E+00  3.4459E-05  6.6840E-03
 685.0  2.6059E-05  1.0916E+00  2.8447E-05  6.2053E-03
 695.0  2.2777E-05  1.0240E+00  2.3325E-05  5.8151E-03
"R" "R = Eu/Ed"      30       7
 " "
" " "wavel" "in air"    0.000    5.000   10.000   15.000   20.000
 405.0  3.9802E-02  5.2394E-03  5.2189E-03  5.2022E-03  5.1899E-03  5.1806E-03
 415.0  3.9288E-02  5.2278E-03  5.2105E-03  5.1955E-03  5.1842E-03  5.1753E-03
 425.0  3.8827E-02  5.1863E-03  5.1717E-03  5.1582E-03  5.1477E-03  5.1394E-03
 435.0  3.8359E-02  5.0592E-03  5.0469E-03  5.0348E-03  5.0252E-03  5.0173E-03
 445.0  3.7969E-02  4.9785E-03  4.9680E-03  4.9572E-03  4.9483E-03  4.9410E-03
 455.0  3.7645E-02  4.9471E-03  4.9383E-03  4.9286E-03  4.9204E-03  4.9137E-03
 465.0  3.7339E-02  4.8990E-03  4.8917E-03  4.8831E-03  4.8756E-03  4.8692E-03
 475.0  3.7071E-02  4.8779E-03  4.8721E-03  4.8645E-03  4.8577E-03  4.8518E-03
 485.0  3.6827E-02  4.8419E-03  4.8373E-03  4.8306E-03  4.8244E-03  4.8190E-03
 495.0  3.6576E-02  4.7602E-03  4.7565E-03  4.7505E-03  4.7449E-03  4.7398E-03
 505.0  3.6139E-02  4.2387E-03  4.2345E-03  4.2286E-03  4.2231E-03  4.2182E-03
 515.0  3.5661E-02  3.5869E-03  3.5819E-03  3.5759E-03  3.5706E-03  3.5660E-03
 525.0  3.5363E-02  3.2970E-03  3.2920E-03  3.2864E-03  3.2814E-03  3.2774E-03
 535.0  3.5160E-02  3.1737E-03  3.1691E-03  3.1637E-03  3.1590E-03  3.1550E-03
 545.0  3.4874E-02  2.8532E-03  2.8484E-03  2.8431E-03  2.8386E-03  2.8347E-03
 555.0  3.4598E-02  2.5294E-03  2.5244E-03  2.5193E-03  2.5151E-03  2.5116E-03
 565.0  3.4381E-02  2.3139E-03  2.3088E-03  2.3039E-03  2.2998E-03  2.2965E-03
 575.0  3.4086E-02  1.9094E-03  1.9038E-03  1.8989E-03  1.8951E-03  1.8920E-03
 585.0  3.3733E-02  1.3618E-03  1.3557E-03  1.3512E-03  1.3479E-03  1.3454E-03
 595.0  3.3387E-02  8.1982E-04  8.1369E-04  8.1018E-04  8.0791E-04  8.0627E-04
 605.0  3.3184E-02  5.7028E-04  5.6469E-04  5.6197E-04  5.6031E-04  5.5907E-04
 615.0  3.3065E-02  4.8935E-04  4.8414E-04  4.8174E-04  4.8028E-04  4.7922E-04
 625.0  3.2964E-02  4.3782E-04  4.3296E-04  4.3077E-04  4.2906E-04  4.2845E-04
 635.0  3.2863E-02  3.7802E-04  3.7347E-04  3.7152E-04  3.6876E-04  3.6944E-04
 645.0  3.2778E-02  3.4057E-04  3.3627E-04  3.3449E-04  3.3043E-04  3.3258E-04
 655.0  3.2683E-02  2.7452E-04  2.7066E-04  2.6917E-04  2.7011E-04  2.6773E-04
 665.0  3.2595E-02  2.1792E-04  2.1448E-04  2.1326E-04  2.1255E-04  2.1206E-04
 675.0  3.2526E-02  1.9457E-04  1.9135E-04  1.9025E-04  1.9007E-04  1.8914E-04
 685.0  3.2461E-02  1.7359E-04  1.7057E-04  1.6957E-04  1.6692E-04  1.6843E-04
 695.0  3.2398E-02  1.5170E-04  1.4889E-04  1.4802E-04  1.4715E-04  1.4702E-04
"Lu over Ed" "Lu/Ed (1/sr)"      30       7
 " "
" " "wavel" "in air"    0.000    5.000   10.000   15.000   20.000
 405.0  6.7131E-03  1.6157E-03  1.6187E-03  1.6210E-03  1.6228E-03  1.6244E-03
 415.0  6.6885E-03  1.6112E-03  1.6139E-03  1.6159E-03  1.6175E-03  1.6189E-03
 425.0  6.6619E-03  1.5972E-03  1.5995E-03  1.6013E-03  1.6028E-03  1.6041E-03
 435.0  6.6230E-03  1.5568E-03  1.5587E-03  1.5603E-03  1.5616E-03  1.5627E-03
 445.0  6.5939E-03  1.5303E-03  1.5320E-03  1.5334E-03  1.5346E-03  1.5356E-03
 455.0  6.5745E-03  1.5189E-03  1.5204E-03  1.5217E-03  1.5228E-03  1.5238E-03
 465.0  6.5533E-03  1.5019E-03  1.5032E-03  1.5043E-03  1.5053E-03  1.5061E-03
 475.0  6.5373E-03  1.4927E-03  1.4939E-03  1.4949E-03  1.4957E-03  1.4964E-03
 485.0  6.5205E-03  1.4794E-03  1.4805E-03  1.4814E-03  1.4821E-03  1.4828E-03
 495.0  6.4971E-03  1.4521E-03  1.4531E-03  1.4539E-03  1.4546E-03  1.4552E-03
 505.0  6.4051E-03  1.2907E-03  1.2915E-03  1.2923E-03  1.2930E-03  1.2936E-03
 515.0  6.2937E-03  1.0902E-03  1.0910E-03  1.0917E-03  1.0923E-03  1.0928E-03
 525.0  6.2401E-03  1.0004E-03  1.0012E-03  1.0019E-03  1.0025E-03  1.0031E-03
 535.0  6.2136E-03  9.6139E-04  9.6213E-04  9.6276E-04  9.6332E-04  9.6389E-04
 545.0  6.1565E-03  8.6275E-04  8.6345E-04  8.6403E-04  8.6454E-04  8.6497E-04
 555.0  6.0994E-03  7.6306E-04  7.6372E-04  7.6427E-04  7.6472E-04  7.6501E-04
 565.0  6.0601E-03  6.9704E-04  6.9767E-04  6.9819E-04  6.9863E-04  6.9894E-04
 575.0  5.9920E-03  5.7452E-04  5.7514E-04  5.7564E-04  5.7607E-04  5.7647E-04
 585.0  5.9021E-03  4.0912E-04  4.0971E-04  4.1018E-04  4.1056E-04  4.1084E-04
 595.0  5.8135E-03  2.4596E-04  2.4652E-04  2.4692E-04  2.4723E-04  2.4750E-04
 605.0  5.7707E-03  1.7067E-04  1.7117E-04  1.7150E-04  1.7176E-04  1.7202E-04
 615.0  5.7543E-03  1.4606E-04  1.4652E-04  1.4682E-04  1.4702E-04  1.4721E-04
 625.0  5.7427E-03  1.3028E-04  1.3070E-04  1.3098E-04  1.3103E-04  1.3131E-04
 635.0  5.7300E-03  1.1200E-04  1.1238E-04  1.1263E-04  1.1265E-04  1.1295E-04
 645.0  5.7211E-03  1.0071E-04  1.0107E-04  1.0130E-04  1.0250E-04  1.0163E-04
 655.0  5.7079E-03  8.0747E-05  8.1063E-05  8.1261E-05  8.4873E-05  8.1653E-05
 665.0  5.6964E-03  6.3722E-05  6.3997E-05  6.4165E-05  6.4287E-05  6.4309E-05
 675.0  5.6902E-03  5.6748E-05  5.7002E-05  5.7157E-05  5.8419E-05  5.7414E-05
 685.0  5.6844E-03  5.0407E-05  5.0642E-05  5.0785E-05  5.1348E-05  5.1013E-05
 695.0  5.6787E-03  4.4058E-05  4.4285E-05  4.4416E-05  4.4535E-05  4.4631E-05
"Eu" "Eu (W/m^2 nm)"      30       7
 " "
" " "wavel" "in air"    0.000    5.000   10.000   15.000   20.000
 405.0  4.4008E-02  5.5919E-03  1.3079E-03  3.0944E-04  7.3872E-05  1.7752E-05
 415.0  4.5531E-02  5.8511E-03  1.5803E-03  4.3059E-04  1.1819E-04  3.2622E-05
 425.0  4.4409E-02  5.7313E-03  1.7413E-03  5.3268E-04  1.6394E-04  5.0695E-05
 435.0  4.4840E-02  5.7161E-03  1.9035E-03  6.3732E-04  2.1448E-04  7.2478E-05
 445.0  5.1357E-02  6.5106E-03  2.3597E-03  8.5894E-04  3.1400E-04  1.1519E-04
 455.0  5.4622E-02  6.9422E-03  2.7145E-03  1.0649E-03  4.1928E-04  1.6558E-04
 465.0  5.3760E-02  6.8235E-03  2.8721E-03  1.2118E-03  5.1283E-04  2.1758E-04
 475.0  5.4021E-02  6.8782E-03  3.1006E-03  1.4001E-03  6.3374E-04  2.8747E-04
 485.0  5.1998E-02  6.6169E-03  3.1591E-03  1.5101E-03  7.2320E-04  3.4699E-04
 495.0  5.2183E-02  6.5743E-03  3.2692E-03  1.6270E-03  8.1106E-04  4.0496E-04
 505.0  5.0940E-02  5.7833E-03  2.8010E-03  1.3582E-03  6.5979E-04  3.2107E-04
 515.0  4.8184E-02  4.6905E-03  2.1387E-03  9.7699E-04  4.4737E-04  2.0528E-04
 525.0  4.9034E-02  4.4245E-03  2.0047E-03  9.1023E-04  4.1430E-04  1.8898E-04
 535.0  4.9240E-02  4.3020E-03  1.9837E-03  9.1644E-04  4.2437E-04  1.9691E-04
 545.0  4.8183E-02  3.8155E-03  1.7020E-03  7.6100E-04  3.4113E-04  1.5326E-04
 555.0  4.7379E-02  3.3525E-03  1.4319E-03  6.1336E-04  2.6350E-04  1.1348E-04
 565.0  4.6415E-02  3.0234E-03  1.2475E-03  5.1642E-04  2.1447E-04  8.9308E-05
 575.0  4.5916E-02  2.4891E-03  9.0027E-04  3.2722E-04  1.1945E-04  4.3748E-05
 585.0  4.4264E-02  1.7290E-03  4.4879E-04  1.1762E-04  3.1040E-05  8.2336E-06
 595.0  4.1678E-02  9.9006E-04  1.2060E-04  1.5019E-05  1.8950E-06  2.4122E-07
 605.0  4.2851E-02  7.1238E-04  4.1514E-05  2.5059E-06  1.5411E-07  9.6435E-09
 615.0  4.2532E-02  6.0895E-04  2.7449E-05  1.2880E-06  6.1666E-08  2.9910E-09
 625.0  4.1801E-02  5.3713E-04  2.1297E-05  8.8104E-07  3.7198E-08  1.5940E-09
 635.0  4.1191E-02  4.5841E-04  1.4217E-05  4.6218E-07  1.5303E-08  5.1818E-10
 645.0  4.0006E-02  4.0218E-04  9.9289E-06  2.5796E-07  6.8002E-09  1.8537E-10
 655.0  3.6869E-02  2.9965E-04  4.3835E-06  6.8136E-08  1.0957E-09  1.7689E-11
 665.0  3.9364E-02  2.5465E-04  2.0010E-06  1.6901E-08  1.4728E-10  1.3094E-12
 675.0  3.8207E-02  2.2116E-04  1.2896E-06  8.1230E-09  5.3026E-11  3.5199E-13
 685.0  3.5436E-02  1.8337E-04  7.5896E-07  3.4154E-09  1.5720E-11  7.5817E-14
 695.0  3.3176E-02  1.5033E-04  2.8495E-07  5.9529E-10  1.2908E-12  2.8850E-15
"Ed" "Ed (W/m^2 nm)"      30       7
 " "
" " "wavel" "in air"    0.000    5.000   10.000   15.000   20.000
 405.0  1.1057E+00  1.0673E+00  2.5061E-01  5.9482E-02  1.4234E-02  3.4267E-03
 415.0  1.1589E+00  1.1192E+00  3.0329E-01  8.2877E-02  2.2798E-02  6.3034E-03
 425.0  1.1437E+00  1.1051E+00  3.3670E-01  1.0327E-01  3.1848E-02  9.8641E-03
 435.0  1.1690E+00  1.1298E+00  3.7716E-01  1.2658E-01  4.2682E-02  1.4445E-02
 445.0  1.3526E+00  1.3078E+00  4.7499E-01  1.7327E-01  6.3457E-02  2.3314E-02
 455.0  1.4510E+00  1.4033E+00  5.4969E-01  2.1607E-01  8.5213E-02  3.3698E-02
 465.0  1.4398E+00  1.3928E+00  5.8714E-01  2.4816E-01  1.0518E-01  4.4685E-02
 475.0  1.4572E+00  1.4101E+00  6.3640E-01  2.8782E-01  1.3046E-01  5.9249E-02
 485.0  1.4120E+00  1.3666E+00  6.5307E-01  3.1260E-01  1.4990E-01  7.2005E-02
 495.0  1.4267E+00  1.3811E+00  6.8730E-01  3.4249E-01  1.7094E-01  8.5437E-02
 505.0  1.4096E+00  1.3644E+00  6.6147E-01  3.2119E-01  1.5623E-01  7.6115E-02
 515.0  1.3512E+00  1.3077E+00  5.9708E-01  2.7322E-01  1.2529E-01  5.7564E-02
 525.0  1.3866E+00  1.3420E+00  6.0897E-01  2.7697E-01  1.2625E-01  5.7662E-02
 535.0  1.4004E+00  1.3555E+00  6.2595E-01  2.8967E-01  1.3433E-01  6.2412E-02
 545.0  1.3816E+00  1.3373E+00  5.9754E-01  2.6766E-01  1.2018E-01  5.4065E-02
 555.0  1.3694E+00  1.3254E+00  5.6723E-01  2.4346E-01  1.0477E-01  4.5184E-02
 565.0  1.3500E+00  1.3066E+00  5.4031E-01  2.2415E-01  9.3256E-02  3.8889E-02
 575.0  1.3471E+00  1.3037E+00  4.7289E-01  1.7232E-01  6.3030E-02  2.3123E-02
 585.0  1.3122E+00  1.2697E+00  3.3105E-01  8.7048E-02  2.3028E-02  6.1200E-03
 595.0  1.2484E+00  1.2077E+00  1.4821E-01  1.8538E-02  2.3456E-03  2.9917E-04
 605.0  1.2913E+00  1.2492E+00  7.3518E-02  4.4590E-03  2.7504E-04  1.7249E-05
 615.0  1.2863E+00  1.2444E+00  5.6697E-02  2.6737E-03  1.2840E-04  6.2413E-06
 625.0  1.2681E+00  1.2268E+00  4.9190E-02  2.0453E-03  8.6697E-05  3.7202E-06
 635.0  1.2534E+00  1.2127E+00  3.8068E-02  1.2440E-03  4.1498E-05  1.4026E-06
 645.0  1.2205E+00  1.1809E+00  2.9527E-02  7.7122E-04  2.0580E-05  5.5737E-07
 655.0  1.1281E+00  1.0915E+00  1.6195E-02  2.5313E-04  4.0566E-06  6.6069E-08
 665.0  1.2077E+00  1.1686E+00  9.3297E-03  7.9250E-05  6.9294E-07  6.1745E-09
 675.0  1.1747E+00  1.1367E+00  6.7393E-03  4.2696E-05  2.7898E-07  1.8610E-09
 685.0  1.0916E+00  1.0564E+00  4.4496E-03  2.0141E-05  9.4177E-08  4.5013E-10
 695.0  1.0240E+00  9.9099E-01  1.9139E-03  4.0217E-06  8.7721E-09  1.9624E-11
"Eo" "Eo (W/m^2 nm)"      30       7
 " "
" " "wavel" "in air"    0.000    5.000   10.000   15.000   20.000
 405.0  1.7772E+00  1.2176E+00  2.8365E-01  6.6884E-02  1.5928E-02  3.8204E-03
 415.0  1.8458E+00  1.2752E+00  3.4329E-01  9.3260E-02  2.5540E-02  7.0372E-03
 425.0  1.8071E+00  1.2576E+00  3.8105E-01  1.1626E-01  3.5708E-02  1.1024E-02
 435.0  1.8331E+00  1.2840E+00  4.2658E-01  1.4250E-01  4.7865E-02  1.6150E-02
 445.0  2.1073E+00  1.4845E+00  5.3703E-01  1.9507E-01  7.1191E-02  2.6081E-02
 455.0  2.2476E+00  1.5916E+00  6.2137E-01  2.4333E-01  9.5653E-02  3.7726E-02
 465.0  2.2186E+00  1.5784E+00  6.6356E-01  2.7953E-01  1.1813E-01  5.0062E-02
 475.0  2.2347E+00  1.5968E+00  7.1917E-01  3.2432E-01  1.4662E-01  6.6435E-02
 485.0  2.1561E+00  1.5466E+00  7.3786E-01  3.5229E-01  1.6854E-01  8.0785E-02
 495.0  2.1699E+00  1.5618E+00  7.7620E-01  3.8592E-01  1.9219E-01  9.5872E-02
 505.0  2.1355E+00  1.5399E+00  7.4529E-01  3.6100E-01  1.7519E-01  8.5176E-02
 515.0  2.0396E+00  1.4725E+00  6.7070E-01  3.0601E-01  1.3997E-01  6.4164E-02
 525.0  2.0863E+00  1.5092E+00  6.8309E-01  3.0976E-01  1.4083E-01  6.4174E-02
 535.0  2.1012E+00  1.5234E+00  7.0171E-01  3.2379E-01  1.4978E-01  6.9433E-02
 545.0  2.0673E+00  1.5010E+00  6.6876E-01  2.9864E-01  1.3372E-01  6.0023E-02
 555.0  2.0437E+00  1.4858E+00  6.3376E-01  2.7111E-01  1.1634E-01  5.0054E-02
 565.0  2.0101E+00  1.4634E+00  6.0293E-01  2.4925E-01  1.0339E-01  4.3012E-02
 575.0  2.0011E+00  1.4579E+00  5.2631E-01  1.9099E-01  6.9630E-02  2.5477E-02
 585.0  1.9449E+00  1.4173E+00  3.6684E-01  9.5944E-02  2.5283E-02  6.6992E-03
 595.0  1.8463E+00  1.3456E+00  1.6317E-01  2.0269E-02  2.5530E-03  3.2456E-04
 605.0  1.9064E+00  1.3905E+00  8.0576E-02  4.8503E-03  2.9777E-04  1.8612E-05
 615.0  1.8959E+00  1.3845E+00  6.2050E-02  2.9037E-03  1.3879E-04  6.7234E-06
 625.0  1.8662E+00  1.3645E+00  5.3791E-02  2.2194E-03  9.3635E-05  4.0043E-06
 635.0  1.8419E+00  1.3483E+00  4.1579E-02  1.3482E-03  4.4762E-05  1.5078E-06
 645.0  1.7911E+00  1.3126E+00  3.2217E-02  8.3494E-04  2.2175E-05  5.9853E-07
 655.0  1.6533E+00  1.2128E+00  1.7637E-02  2.7348E-04  4.3622E-06  7.0801E-08
 665.0  1.7678E+00  1.2980E+00  1.0140E-02  8.5446E-05  7.4359E-07  6.6027E-09
 675.0  1.7174E+00  1.2622E+00  7.3178E-03  4.5994E-05  2.9911E-07  1.9882E-09
 685.0  1.5943E+00  1.1728E+00  4.8270E-03  2.1677E-05  1.0088E-07  4.8044E-10
 695.0  1.4940E+00  1.1000E+00  2.0726E-03  4.3207E-06  9.3793E-09  2.0904E-11
"Lu" "Lu (W/m^2 nm sr)"      30       7
 " "
" " "wavel" "in air"    0.000    5.000   10.000   15.000   20.000
 405.0  7.4226E-03  1.7243E-03  4.0566E-04  9.6421E-05  2.3098E-05  5.5662E-06
 415.0  7.7513E-03  1.8033E-03  4.8946E-04  1.3392E-04  3.6876E-05  1.0205E-05
 425.0  7.6195E-03  1.7650E-03  5.3855E-04  1.6536E-04  5.1044E-05  1.5823E-05
 435.0  7.7421E-03  1.7589E-03  5.8789E-04  1.9751E-04  6.6653E-05  2.2574E-05
 445.0  8.9189E-03  2.0012E-03  7.2768E-04  2.6570E-04  9.7381E-05  3.5801E-05
 455.0  9.5394E-03  2.1314E-03  8.3576E-04  3.2880E-04  1.2976E-04  5.1348E-05
 465.0  9.4352E-03  2.0918E-03  8.8259E-04  3.7332E-04  1.5833E-04  6.7301E-05
 475.0  9.5264E-03  2.1048E-03  9.5069E-04  4.3025E-04  1.9513E-04  8.8662E-05
 485.0  9.2067E-03  2.0218E-03  9.6684E-04  4.6307E-04  2.2218E-04  1.0677E-04
 495.0  9.2695E-03  2.0055E-03  9.9870E-04  4.9794E-04  2.4864E-04  1.2433E-04
 505.0  9.0284E-03  1.7610E-03  8.5431E-04  4.1507E-04  2.0201E-04  9.8463E-05
 515.0  8.5039E-03  1.4256E-03  6.5142E-04  2.9828E-04  1.3686E-04  6.2906E-05
 525.0  8.6524E-03  1.3425E-03  6.0971E-04  2.7749E-04  1.2657E-04  5.7840E-05
 535.0  8.7018E-03  1.3032E-03  6.0224E-04  2.7888E-04  1.2941E-04  6.0158E-05
 545.0  8.5060E-03  1.1537E-03  5.1594E-04  2.3127E-04  1.0390E-04  4.6764E-05
 555.0  8.3527E-03  1.0114E-03  4.3320E-04  1.8607E-04  8.0119E-05  3.4566E-05
 565.0  8.1812E-03  9.1075E-04  3.7696E-04  1.5650E-04  6.5152E-05  2.7181E-05
 575.0  8.0717E-03  7.4898E-04  2.7197E-04  9.9195E-05  3.6310E-05  1.3330E-05
 585.0  7.7446E-03  5.1944E-04  1.3563E-04  3.5705E-05  9.4547E-06  2.5144E-06
 595.0  7.2572E-03  2.9704E-04  3.6538E-05  4.5774E-06  5.7990E-07  7.4046E-08
 605.0  7.4517E-03  2.1319E-04  1.2584E-05  7.6474E-07  4.7240E-08  2.9672E-09
 615.0  7.4018E-03  1.8176E-04  8.3074E-06  3.9255E-07  1.8877E-08  9.1876E-10
 625.0  7.2823E-03  1.5983E-04  6.4293E-06  2.6788E-07  1.1360E-08  4.8852E-10
 635.0  7.1819E-03  1.3582E-04  4.2782E-06  1.4011E-07  4.6749E-09  1.5843E-10
 645.0  6.9827E-03  1.1893E-04  2.9842E-06  7.8123E-08  2.1094E-09  5.6646E-11
 655.0  6.4390E-03  8.8137E-05  1.3128E-06  2.0569E-08  3.4430E-10  5.3947E-12
 665.0  6.8793E-03  7.4463E-05  5.9707E-07  5.0850E-09  4.4547E-11  3.9708E-13
 675.0  6.6840E-03  6.4503E-05  3.8416E-07  2.4404E-09  1.6298E-11  1.0684E-13
 685.0  6.2053E-03  5.3248E-05  2.2534E-07  1.0229E-09  4.8358E-12  2.2963E-14
 695.0  5.8151E-03  4.3661E-05  8.4755E-08  1.7863E-10  3.9066E-13  8.7581E-16
"Ed_in_air" "Ed in air (W/m^2 nm)"      30       4
 " "
" " "wavel" "Ed_diffuse" "Ed_direct" "Ed_total"
 405.0  4.2024E-01  6.8545E-01  1.1057E+00
 415.0  4.2493E-01  7.3397E-01  1.1589E+00
 425.0  4.0606E-01  7.3769E-01  1.1438E+00
 435.0  4.0243E-01  7.6653E-01  1.1690E+00
 445.0  4.5314E-01  8.9947E-01  1.3526E+00
 455.0  4.7429E-01  9.7668E-01  1.4510E+00
 465.0  4.5994E-01  9.7983E-01  1.4398E+00
 475.0  4.5568E-01  1.0016E+00  1.4572E+00
 485.0  4.3313E-01  9.7884E-01  1.4120E+00
 495.0  4.2973E-01  9.9698E-01  1.4267E+00
 505.0  4.1751E-01  9.9206E-01  1.4096E+00
 515.0  3.9417E-01  9.5701E-01  1.3512E+00
 525.0  3.9863E-01  9.8795E-01  1.3866E+00
 535.0  3.9729E-01  1.0032E+00  1.4005E+00
 545.0  3.8703E-01  9.9460E-01  1.3816E+00
 555.0  3.7917E-01  9.9025E-01  1.3694E+00
 565.0  3.6970E-01  9.8031E-01  1.3500E+00
 575.0  3.6509E-01  9.8200E-01  1.3471E+00
 585.0  3.5225E-01  9.5994E-01  1.3122E+00
 595.0  3.3198E-01  9.1637E-01  1.2484E+00
 605.0  3.4046E-01  9.5085E-01  1.2913E+00
 615.0  3.3637E-01  9.4994E-01  1.2863E+00
 625.0  3.2905E-01  9.3904E-01  1.2681E+00
 635.0  3.2283E-01  9.3057E-01  1.2534E+00
 645.0  3.1217E-01  9.0834E-01  1.2205E+00
 655.0  2.8661E-01  8.4148E-01  1.1281E+00
 665.0  3.0485E-01  9.0282E-01  1.2077E+00
 675.0  2.9472E-01  8.7994E-01  1.1747E+00
 685.0  2.7231E-01  8.1932E-01  1.0916E+00
 695.0  2.5399E-01  7.7003E-01  1.0240E+00
"bb fraction" "backscat ratio bb/b"      96       6
 " "
" " "wavelen"    0.000    5.000   10.000   15.000   20.000
 405.0  1.7658E-01  1.7658E-01  1.7658E-01  1.7658E-01  1.7658E-01
 415.0  1.6941E-01  1.6941E-01  1.6941E-01  1.6941E-01  1.6941E-01
 425.0  1.6224E-01  1.6224E-01  1.6224E-01  1.6224E-01  1.6224E-01
 435.0  1.5511E-01  1.5511E-01  1.5511E-01  1.5511E-01  1.5511E-01
 445.0  1.4835E-01  1.4835E-01  1.4835E-01  1.4835E-01  1.4835E-01
 455.0  1.4227E-01  1.4227E-01  1.4227E-01  1.4227E-01  1.4227E-01
 465.0  1.3566E-01  1.3566E-01  1.3566E-01  1.3566E-01  1.3566E-01
 475.0  1.2893E-01  1.2893E-01  1.2893E-01  1.2893E-01  1.2893E-01
 485.0  1.2368E-01  1.2368E-01  1.2368E-01  1.2368E-01  1.2368E-01
 495.0  1.1861E-01  1.1861E-01  1.1861E-01  1.1861E-01  1.1861E-01
 505.0  1.1254E-01  1.1254E-01  1.1254E-01  1.1254E-01  1.1254E-01
 515.0  1.0681E-01  1.0681E-01  1.0681E-01  1.0681E-01  1.0681E-01
 525.0  1.0265E-01  1.0265E-01  1.0265E-01  1.0265E-01  1.0265E-01
 535.0  9.9056E-02  9.9056E-02  9.9056E-02  9.9056E-02  9.9056E-02
 545.0  9.5223E-02  9.5223E-02  9.5223E-02  9.5223E-02  9.5223E-02
 555.0  9.0905E-02  9.0905E-02  9.0905E-02  9.0905E-02  9.0905E-02
 565.0  8.8294E-02  8.8294E-02  8.8294E-02  8.8294E-02  8.8294E-02
 575.0  8.5924E-02  8.5924E-02  8.5924E-02  8.5924E-02  8.5924E-02
 585.0  8.2927E-02  8.2927E-02  8.2927E-02  8.2927E-02  8.2927E-02
 595.0  8.0371E-02  8.0371E-02  8.0371E-02  8.0371E-02  8.0371E-02
 605.0  7.7137E-02  7.7137E-02  7.7137E-02  7.7137E-02  7.7137E-02
 615.0  7.4301E-02  7.4301E-02  7.4301E-02  7.4301E-02  7.4301E-02
 625.0  7.1302E-02  7.1302E-02  7.1302E-02  7.1302E-02  7.1302E-02
 635.0  6.7639E-02  6.7639E-02  6.7639E-02  6.7639E-02  6.7639E-02
 645.0  6.5988E-02  6.5988E-02  6.5988E-02  6.5988E-02  6.5988E-02
 655.0  6.2089E-02  6.2089E-02  6.2089E-02  6.2089E-02  6.2089E-02
 665.0  5.8443E-02  5.8443E-02  5.8443E-02  5.8443E-02  5.8443E-02
 675.0  5.6941E-02  5.6941E-02  5.6941E-02  5.6941E-02  5.6941E-02
 685.0  5.4561E-02  5.4561E-02  5.4561E-02  5.4561E-02  5.4561E-02
 695.0  5.4561E-02  5.4561E-02  5.4561E-02  5.4561E-02  5.4561E-02
 " "
" " "bb/b ratio for component  1"
" " "wavelen"    0.000    5.000   10.000   15.000   20.000
 405.0  4.9968E-01  4.9968E-01  4.9968E-01  4.9968E-01  4.9968E-01
 415.0  4.9968E-01  4.9968E-01  4.9968E-01  4.9968E-01  4.9968E-01
 425.0  4.9968E-01  4.9968E-01  4.9968E-01  4.9968E-01  4.9968E-01
 435.0  4.9968E-01  4.9968E-01  4.9968E-01  4.9968E-01  4.9968E-01
 445.0  4.9968E-01  4.9968E-01  4.9968E-01  4.9968E-01  4.9968E-01
 455.0  4.9968E-01  4.9968E-01  4.9968E-01  4.9968E-01  4.9968E-01
 465.0  4.9968E-01  4.9968E-01  4.9968E-01  4.9968E-01  4.9968E-01
 475.0  4.9968E-01  4.9968E-01  4.9968E-01  4.9968E-01  4.9968E-01
 485.0  4.9968E-01  4.9968E-01  4.9968E-01  4.9968E-01  4.9968E-01
 495.0  4.9968E-01  4.9968E-01  4.9968E-01  4.9968E-01  4.9968E-01
 505.0  4.9968E-01  4.9968E-01  4.9968E-01  4.9968E-01  4.9968E-01
 515.0  4.9968E-01  4.9968E-01  4.9968E-01  4.9968E-01  4.9968E-01
 525.0  4.9968E-01  4.9968E-01  4.9968E-01  4.9968E-01  4.9968E-01
 535.0  4.9968E-01  4.9968E-01  4.9968E-01  4.9968E-01  4.9968E-01
 545.0  4.9968E-01  4.9968E-01  4.9968E-01  4.9968E-01  4.9968E-01
 555.0  4.9968E-01  4.9968E-01  4.9968E-01  4.9968E-01  4.9968E-01
 565.0  4.9968E-01  4.9968E-01  4.9968E-01  4.9968E-01  4.9968E-01
 575.0  4.9968E-01  4.9968E-01  4.9968E-01  4.9968E-01  4.9968E-01
 585.0  4.9968E-01  4.9968E-01  4.9968E-01  4.9968E-01  4.9968E-01
 595.0  4.9968E-01  4.9968E-01  4.9968E-01  4.9968E-01  4.9968E-01
 605.0  4.9968E-01  4.9968E-01  4.9968E-01  4.9968E-01  4.9968E-01
 615.0  4.9968E-01  4.9968E-01  4.9968E-01  4.9968E-01  4.9968E-01
 625.0  4.9968E-01  4.9968E-01  4.9968E-01  4.9968E-01  4.9968E-01
 635.0  4.9968E-01  4.9968E-01  4.9968E-01  4.9968E-01  4.9968E-01
 645.0  4.9968E-01  4.9968E-01  4.9968E-01  4.9968E-01  4.9968E-01
 655.0  4.9968E-01  4.9968E-01  4.9968E-01  4.9968E-01  4.9968E-01
 665.0  4.9968E-01  4.9968E-01  4.9968E-01  4.9968E-01  4.9968E-01
 675.0  4.9968E-01  4.9968E-01  4.9968E-01  4.9968E-01  4.9968E-01
 685.0  4.9968E-01  4.9968E-01  4.9968E-01  4.9968E-01  4.9968E-01
 695.0  4.9968E-01  4.9968E-01  4.9968E-01  4.9968E-01  4.9968E-01
 " "
" " "bb/b ratio for component  2"
" " "wavelen"    0.000    5.000   10.000   15.000   20.000
 405.0  1.8330E-02  1.8330E-02  1.8330E-02  1.8330E-02  1.8330E-02
 415.0  1.8330E-02  1.8330E-02  1.8330E-02  1.8330E-02  1.8330E-02
 425.0  1.8330E-02  1.8330E-02  1.8330E-02  1.8330E-02  1.8330E-02
 435.0  1.8330E-02  1.8330E-02  1.8330E-02  1.8330E-02  1.8330E-02
 445.0  1.8330E-02  1.8330E-02  1.8330E-02  1.8330E-02  1.8330E-02
 455.0  1.8330E-02  1.8330E-02  1.8330E-02  1.8330E-02  1.8330E-02
 465.0  1.8330E-02  1.8330E-02  1.8330E-02  1.8330E-02  1.8330E-02
 475.0  1.8330E-02  1.8330E-02  1.8330E-02  1.8330E-02  1.8330E-02
 485.0  1.8330E-02  1.8330E-02  1.8330E-02  1.8330E-02  1.8330E-02
 495.0  1.8330E-02  1.8330E-02  1.8330E-02  1.8330E-02  1.8330E-02
 505.0  1.8330E-02  1.8330E-02  1.8330E-02  1.8330E-02  1.8330E-02
 515.0  1.8330E-02  1.8330E-02  1.8330E-02  1.8330E-02  1.8330E-02
 525.0  1.8330E-02  1.8330E-02  1.8330E-02  1.8330E-02  1.8330E-02
 535.0  1.8330E-02  1.8330E-02  1.8330E-02  1.8330E-02  1.8330E-02
 545.0  1.8330E-02  1.8330E-02  1.8330E-02  1.8330E-02  1.8330E-02
 555.0  1.8330E-02  1.8330E-02  1.8330E-02  1.8330E-02  1.8330E-02
 565.0  1.8330E-02  1.8330E-02  1.8330E-02  1.8330E-02  1.8330E-02
 575.0  1.8330E-02  1.8330E-02  1.8330E-02  1.8330E-02  1.8330E-02
 585.0  1.8330E-02  1.8330E-02  1.8330E-02  1.8330E-02  1.8330E-02
 595.0  1.8330E-02  1.8330E-02  1.8330E-02  1.8330E-02  1.8330E-02
 605.0  1.8330E-02  1.8330E-02  1.8330E-02  1.8330E-02  1.8330E-02
 615.0  1.8330E-02  1.8330E-02  1.8330E-02  1.8330E-02  1.8330E-02
 625.0  1.8330E-02  1.8330E-02  1.8330E-02  1.8330E-02  1.8330E-02
 635.0  1.8330E-02  1.8330E-02  1.8330E-02  1.8330E-02  1.8330E-02
 645.0  1.8330E-02  1.8330E-02  1.8330E-02  1.8330E-02  1.8330E-02
 655.0  1.8330E-02  1.8330E-02  1.8330E-02  1.8330E-02  1.8330E-02
 665.0  1.8330E-02  1.8330E-02  1.8330E-02  1.8330E-02  1.8330E-02
 675.0  1.8330E-02  1.8330E-02  1.8330E-02  1.8330E-02  1.8330E-02
 685.0  1.8330E-02  1.8330E-02  1.8330E-02  1.8330E-02  1.8330E-02
 695.0  1.8330E-02  1.8330E-02  1.8330E-02  1.8330E-02  1.8330E-02
"bb" "backscat coef b (1/m)"      96       6
 " "
" " "wavelen"    0.000    5.000   10.000   15.000   20.000
 405.0  3.8671E-03  3.8671E-03  3.8671E-03  3.8671E-03  3.8671E-03
 415.0  3.4814E-03  3.4814E-03  3.4814E-03  3.4814E-03  3.4814E-03
 425.0  3.1474E-03  3.1474E-03  3.1474E-03  3.1474E-03  3.1474E-03
 435.0  2.8385E-03  2.8385E-03  2.8385E-03  2.8385E-03  2.8385E-03
 445.0  2.5813E-03  2.5813E-03  2.5813E-03  2.5813E-03  2.5813E-03
 455.0  2.3759E-03  2.3759E-03  2.3759E-03  2.3759E-03  2.3759E-03
 465.0  2.1705E-03  2.1705E-03  2.1705E-03  2.1705E-03  2.1705E-03
 475.0  1.9920E-03  1.9920E-03  1.9920E-03  1.9920E-03  1.9920E-03
 485.0  1.8366E-03  1.8366E-03  1.8366E-03  1.8366E-03  1.8366E-03
 495.0  1.7080E-03  1.7080E-03  1.7080E-03  1.7080E-03  1.7080E-03
 505.0  1.5812E-03  1.5812E-03  1.5812E-03  1.5812E-03  1.5812E-03
 515.0  1.4527E-03  1.4527E-03  1.4527E-03  1.4527E-03  1.4527E-03
 525.0  1.3478E-03  1.3478E-03  1.3478E-03  1.3478E-03  1.3478E-03
 535.0  1.2699E-03  1.2699E-03  1.2699E-03  1.2699E-03  1.2699E-03
 545.0  1.1922E-03  1.1922E-03  1.1922E-03  1.1922E-03  1.1922E-03
 555.0  1.1154E-03  1.1154E-03  1.1154E-03  1.1154E-03  1.1154E-03
 565.0  1.0631E-03  1.0631E-03  1.0631E-03  1.0631E-03  1.0631E-03
 575.0  1.0096E-03  1.0096E-03  1.0096E-03  1.0096E-03  1.0096E-03
 585.0  9.5780E-04  9.5780E-04  9.5780E-04  9.5780E-04  9.5780E-04
 595.0  9.0417E-04  9.0417E-04  9.0417E-04  9.0417E-04  9.0417E-04
 605.0  8.5237E-04  8.5237E-04  8.5237E-04  8.5237E-04  8.5237E-04
 615.0  7.9873E-04  7.9873E-04  7.9873E-04  7.9873E-04  7.9873E-04
 625.0  7.4510E-04  7.4510E-04  7.4510E-04  7.4510E-04  7.4510E-04
 635.0  6.9330E-04  6.9330E-04  6.9330E-04  6.9330E-04  6.9330E-04
 645.0  6.6648E-04  6.6648E-04  6.6648E-04  6.6648E-04  6.6648E-04
 655.0  6.1468E-04  6.1468E-04  6.1468E-04  6.1468E-04  6.1468E-04
 665.0  5.6105E-04  5.6105E-04  5.6105E-04  5.6105E-04  5.6105E-04
 675.0  5.3240E-04  5.3240E-04  5.3240E-04  5.3240E-04  5.3240E-04
 685.0  5.0741E-04  5.0741E-04  5.0741E-04  5.0741E-04  5.0741E-04
 695.0  5.0741E-04  5.0741E-04  5.0741E-04  5.0741E-04  5.0741E-04
 " "
" " "bb (1/m) for component  1"
" " "wavelen"    0.000    5.000   10.000   15.000   20.000
 405.0  3.5977E-03  3.5977E-03  3.5977E-03  3.5977E-03  3.5977E-03
 415.0  3.2229E-03  3.2229E-03  3.2229E-03  3.2229E-03  3.2229E-03
 425.0  2.8981E-03  2.8981E-03  2.8981E-03  2.8981E-03  2.8981E-03
 435.0  2.5983E-03  2.5983E-03  2.5983E-03  2.5983E-03  2.5983E-03
 445.0  2.3485E-03  2.3485E-03  2.3485E-03  2.3485E-03  2.3485E-03
 455.0  2.1486E-03  2.1486E-03  2.1486E-03  2.1486E-03  2.1486E-03
 465.0  1.9488E-03  1.9488E-03  1.9488E-03  1.9488E-03  1.9488E-03
 475.0  1.7739E-03  1.7739E-03  1.7739E-03  1.7739E-03  1.7739E-03
 485.0  1.6240E-03  1.6240E-03  1.6240E-03  1.6240E-03  1.6240E-03
 495.0  1.4990E-03  1.4990E-03  1.4990E-03  1.4990E-03  1.4990E-03
 505.0  1.3741E-03  1.3741E-03  1.3741E-03  1.3741E-03  1.3741E-03
 515.0  1.2492E-03  1.2492E-03  1.2492E-03  1.2492E-03  1.2492E-03
 525.0  1.1493E-03  1.1493E-03  1.1493E-03  1.1493E-03  1.1493E-03
 535.0  1.0743E-03  1.0743E-03  1.0743E-03  1.0743E-03  1.0743E-03
 545.0  9.9936E-04  9.9936E-04  9.9936E-04  9.9936E-04  9.9936E-04
 555.0  9.2441E-04  9.2441E-04  9.2441E-04  9.2441E-04  9.2441E-04
 565.0  8.7444E-04  8.7444E-04  8.7444E-04  8.7444E-04  8.7444E-04
 575.0  8.2447E-04  8.2447E-04  8.2447E-04  8.2447E-04  8.2447E-04
 585.0  7.7450E-04  7.7450E-04  7.7450E-04  7.7450E-04  7.7450E-04
 595.0  7.2454E-04  7.2454E-04  7.2454E-04  7.2454E-04  7.2454E-04
 605.0  6.7457E-04  6.7457E-04  6.7457E-04  6.7457E-04  6.7457E-04
 615.0  6.2460E-04  6.2460E-04  6.2460E-04  6.2460E-04  6.2460E-04
 625.0  5.7463E-04  5.7463E-04  5.7463E-04  5.7463E-04  5.7463E-04
 635.0  5.2466E-04  5.2466E-04  5.2466E-04  5.2466E-04  5.2466E-04
 645.0  4.9968E-04  4.9968E-04  4.9968E-04  4.9968E-04  4.9968E-04
 655.0  4.4971E-04  4.4971E-04  4.4971E-04  4.4971E-04  4.4971E-04
 665.0  3.9974E-04  3.9974E-04  3.9974E-04  3.9974E-04  3.9974E-04
 675.0  3.7476E-04  3.7476E-04  3.7476E-04  3.7476E-04  3.7476E-04
 685.0  3.4978E-04  3.4978E-04  3.4978E-04  3.4978E-04  3.4978E-04
 695.0  3.4978E-04  3.4978E-04  3.4978E-04  3.4978E-04  3.4978E-04
 " "
" " "bb (1/m) for component  2"
" " "wavelen"    0.000    5.000   10.000   15.000   20.000
 405.0  2.6945E-04  2.6945E-04  2.6945E-04  2.6945E-04  2.6945E-04
 415.0  2.5845E-04  2.5845E-04  2.5845E-04  2.5845E-04  2.5845E-04
 425.0  2.4929E-04  2.4929E-04  2.4929E-04  2.4929E-04  2.4929E-04
 435.0  2.4012E-04  2.4012E-04  2.4012E-04  2.4012E-04  2.4012E-04
 445.0  2.3279E-04  2.3279E-04  2.3279E-04  2.3279E-04  2.3279E-04
 455.0  2.2729E-04  2.2729E-04  2.2729E-04  2.2729E-04  2.2729E-04
 465.0  2.2179E-04  2.2179E-04  2.2179E-04  2.2179E-04  2.2179E-04
 475.0  2.1813E-04  2.1813E-04  2.1813E-04  2.1813E-04  2.1813E-04
 485.0  2.1263E-04  2.1263E-04  2.1263E-04  2.1263E-04  2.1263E-04
 495.0  2.0896E-04  2.0896E-04  2.0896E-04  2.0896E-04  2.0896E-04
 505.0  2.0713E-04  2.0713E-04  2.0713E-04  2.0713E-04  2.0713E-04
 515.0  2.0346E-04  2.0346E-04  2.0346E-04  2.0346E-04  2.0346E-04
 525.0  1.9851E-04  1.9851E-04  1.9851E-04  1.9851E-04  1.9851E-04
 535.0  1.9558E-04  1.9558E-04  1.9558E-04  1.9558E-04  1.9558E-04
 545.0  1.9283E-04  1.9283E-04  1.9283E-04  1.9283E-04  1.9283E-04
 555.0  1.9100E-04  1.9100E-04  1.9100E-04  1.9100E-04  1.9100E-04
 565.0  1.8862E-04  1.8862E-04  1.8862E-04  1.8862E-04  1.8862E-04
 575.0  1.8513E-04  1.8513E-04  1.8513E-04  1.8513E-04  1.8513E-04
 585.0  1.8330E-04  1.8330E-04  1.8330E-04  1.8330E-04  1.8330E-04
 595.0  1.7963E-04  1.7963E-04  1.7963E-04  1.7963E-04  1.7963E-04
 605.0  1.7780E-04  1.7780E-04  1.7780E-04  1.7780E-04  1.7780E-04
 615.0  1.7413E-04  1.7413E-04  1.7413E-04  1.7413E-04  1.7413E-04
 625.0  1.7047E-04  1.7047E-04  1.7047E-04  1.7047E-04  1.7047E-04
 635.0  1.6864E-04  1.6864E-04  1.6864E-04  1.6864E-04  1.6864E-04
 645.0  1.6680E-04  1.6680E-04  1.6680E-04  1.6680E-04  1.6680E-04
 655.0  1.6497E-04  1.6497E-04  1.6497E-04  1.6497E-04  1.6497E-04
 665.0  1.6130E-04  1.6130E-04  1.6130E-04  1.6130E-04  1.6130E-04
 675.0  1.5764E-04  1.5764E-04  1.5764E-04  1.5764E-04  1.5764E-04
 685.0  1.5764E-04  1.5764E-04  1.5764E-04  1.5764E-04  1.5764E-04
 695.0  1.5764E-04  1.5764E-04  1.5764E-04  1.5764E-04  1.5764E-04
"b" "scat coef b (1/m)"      96       6
 " "
" " "wavelen"    0.000    5.000   10.000   15.000   20.000
 405.0  2.1900E-02  2.1900E-02  2.1900E-02  2.1900E-02  2.1900E-02
 415.0  2.0550E-02  2.0550E-02  2.0550E-02  2.0550E-02  2.0550E-02
 425.0  1.9400E-02  1.9400E-02  1.9400E-02  1.9400E-02  1.9400E-02
 435.0  1.8300E-02  1.8300E-02  1.8300E-02  1.8300E-02  1.8300E-02
 445.0  1.7400E-02  1.7400E-02  1.7400E-02  1.7400E-02  1.7400E-02
 455.0  1.6700E-02  1.6700E-02  1.6700E-02  1.6700E-02  1.6700E-02
 465.0  1.6000E-02  1.6000E-02  1.6000E-02  1.6000E-02  1.6000E-02
 475.0  1.5450E-02  1.5450E-02  1.5450E-02  1.5450E-02  1.5450E-02
 485.0  1.4850E-02  1.4850E-02  1.4850E-02  1.4850E-02  1.4850E-02
 495.0  1.4400E-02  1.4400E-02  1.4400E-02  1.4400E-02  1.4400E-02
 505.0  1.4050E-02  1.4050E-02  1.4050E-02  1.4050E-02  1.4050E-02
 515.0  1.3600E-02  1.3600E-02  1.3600E-02  1.3600E-02  1.3600E-02
 525.0  1.3130E-02  1.3130E-02  1.3130E-02  1.3130E-02  1.3130E-02
 535.0  1.2820E-02  1.2820E-02  1.2820E-02  1.2820E-02  1.2820E-02
 545.0  1.2520E-02  1.2520E-02  1.2520E-02  1.2520E-02  1.2520E-02
 555.0  1.2270E-02  1.2270E-02  1.2270E-02  1.2270E-02  1.2270E-02
 565.0  1.2040E-02  1.2040E-02  1.2040E-02  1.2040E-02  1.2040E-02
 575.0  1.1750E-02  1.1750E-02  1.1750E-02  1.1750E-02  1.1750E-02
 585.0  1.1550E-02  1.1550E-02  1.1550E-02  1.1550E-02  1.1550E-02
 595.0  1.1250E-02  1.1250E-02  1.1250E-02  1.1250E-02  1.1250E-02
 605.0  1.1050E-02  1.1050E-02  1.1050E-02  1.1050E-02  1.1050E-02
 615.0  1.0750E-02  1.0750E-02  1.0750E-02  1.0750E-02  1.0750E-02
 625.0  1.0450E-02  1.0450E-02  1.0450E-02  1.0450E-02  1.0450E-02
 635.0  1.0250E-02  1.0250E-02  1.0250E-02  1.0250E-02  1.0250E-02
 645.0  1.0100E-02  1.0100E-02  1.0100E-02  1.0100E-02  1.0100E-02
 655.0  9.9000E-03  9.9000E-03  9.9000E-03  9.9000E-03  9.9000E-03
 665.0  9.6000E-03  9.6000E-03  9.6000E-03  9.6000E-03  9.6000E-03
 675.0  9.3500E-03  9.3500E-03  9.3500E-03  9.3500E-03  9.3500E-03
 685.0  9.3000E-03  9.3000E-03  9.3000E-03  9.3000E-03  9.3000E-03
 695.0  9.3000E-03  9.3000E-03  9.3000E-03  9.3000E-03  9.3000E-03
 " "
" " "b (1/m) for component  1"
" " "wavelen"    0.000    5.000   10.000   15.000   20.000
 405.0  7.2000E-03  7.2000E-03  7.2000E-03  7.2000E-03  7.2000E-03
 415.0  6.4500E-03  6.4500E-03  6.4500E-03  6.4500E-03  6.4500E-03
 425.0  5.8000E-03  5.8000E-03  5.8000E-03  5.8000E-03  5.8000E-03
 435.0  5.2000E-03  5.2000E-03  5.2000E-03  5.2000E-03  5.2000E-03
 445.0  4.7000E-03  4.7000E-03  4.7000E-03  4.7000E-03  4.7000E-03
 455.0  4.3000E-03  4.3000E-03  4.3000E-03  4.3000E-03  4.3000E-03
 465.0  3.9000E-03  3.9000E-03  3.9000E-03  3.9000E-03  3.9000E-03
 475.0  3.5500E-03  3.5500E-03  3.5500E-03  3.5500E-03  3.5500E-03
 485.0  3.2500E-03  3.2500E-03  3.2500E-03  3.2500E-03  3.2500E-03
 495.0  3.0000E-03  3.0000E-03  3.0000E-03  3.0000E-03  3.0000E-03
 505.0  2.7500E-03  2.7500E-03  2.7500E-03  2.7500E-03  2.7500E-03
 515.0  2.5000E-03  2.5000E-03  2.5000E-03  2.5000E-03  2.5000E-03
 525.0  2.3000E-03  2.3000E-03  2.3000E-03  2.3000E-03  2.3000E-03
 535.0  2.1500E-03  2.1500E-03  2.1500E-03  2.1500E-03  2.1500E-03
 545.0  2.0000E-03  2.0000E-03  2.0000E-03  2.0000E-03  2.0000E-03
 555.0  1.8500E-03  1.8500E-03  1.8500E-03  1.8500E-03  1.8500E-03
 565.0  1.7500E-03  1.7500E-03  1.7500E-03  1.7500E-03  1.7500E-03
 575.0  1.6500E-03  1.6500E-03  1.6500E-03  1.6500E-03  1.6500E-03
 585.0  1.5500E-03  1.5500E-03  1.5500E-03  1.5500E-03  1.5500E-03
 595.0  1.4500E-03  1.4500E-03  1.4500E-03  1.4500E-03  1.4500E-03
 605.0  1.3500E-03  1.3500E-03  1.3500E-03  1.3500E-03  1.3500E-03
 615.0  1.2500E-03  1.2500E-03  1.2500E-03  1.2500E-03  1.2500E-03
 625.0  1.1500E-03  1.1500E-03  1.1500E-03  1.1500E-03  1.1500E-03
 635.0  1.0500E-03  1.0500E-03  1.0500E-03  1.0500E-03  1.0500E-03
 645.0  1.0000E-03  1.0000E-03  1.0000E-03  1.0000E-03  1.0000E-03
 655.0  9.0000E-04  9.0000E-04  9.0000E-04  9.0000E-04  9.0000E-04
 665.0  8.0000E-04  8.0000E-04  8.0000E-04  8.0000E-04  8.0000E-04
 675.0  7.5000E-04  7.5000E-04  7.5000E-04  7.5000E-04  7.5000E-04
 685.0  7.0000E-04  7.0000E-04  7.0000E-04  7.0000E-04  7.0000E-04
 695.0  7.0000E-04  7.0000E-04  7.0000E-04  7.0000E-04  7.0000E-04
 " "
" " "b (1/m) for component  2"
" " "wavelen"    0.000    5.000   10.000   15.000   20.000
 405.0  1.4700E-02  1.4700E-02  1.4700E-02  1.4700E-02  1.4700E-02
 415.0  1.4100E-02  1.4100E-02  1.4100E-02  1.4100E-02  1.4100E-02
 425.0  1.3600E-02  1.3600E-02  1.3600E-02  1.3600E-02  1.3600E-02
 435.0  1.3100E-02  1.3100E-02  1.3100E-02  1.3100E-02  1.3100E-02
 445.0  1.2700E-02  1.2700E-02  1.2700E-02  1.2700E-02  1.2700E-02
 455.0  1.2400E-02  1.2400E-02  1.2400E-02  1.2400E-02  1.2400E-02
 465.0  1.2100E-02  1.2100E-02  1.2100E-02  1.2100E-02  1.2100E-02
 475.0  1.1900E-02  1.1900E-02  1.1900E-02  1.1900E-02  1.1900E-02
 485.0  1.1600E-02  1.1600E-02  1.1600E-02  1.1600E-02  1.1600E-02
 495.0  1.1400E-02  1.1400E-02  1.1400E-02  1.1400E-02  1.1400E-02
 505.0  1.1300E-02  1.1300E-02  1.1300E-02  1.1300E-02  1.1300E-02
 515.0  1.1100E-02  1.1100E-02  1.1100E-02  1.1100E-02  1.1100E-02
 525.0  1.0830E-02  1.0830E-02  1.0830E-02  1.0830E-02  1.0830E-02
 535.0  1.0670E-02  1.0670E-02  1.0670E-02  1.0670E-02  1.0670E-02
 545.0  1.0520E-02  1.0520E-02  1.0520E-02  1.0520E-02  1.0520E-02
 555.0  1.0420E-02  1.0420E-02  1.0420E-02  1.0420E-02  1.0420E-02
 565.0  1.0290E-02  1.0290E-02  1.0290E-02  1.0290E-02  1.0290E-02
 575.0  1.0100E-02  1.0100E-02  1.0100E-02  1.0100E-02  1.0100E-02
 585.0  1.0000E-02  1.0000E-02  1.0000E-02  1.0000E-02  1.0000E-02
 595.0  9.8000E-03  9.8000E-03  9.8000E-03  9.8000E-03  9.8000E-03
 605.0  9.7000E-03  9.7000E-03  9.7000E-03  9.7000E-03  9.7000E-03
 615.0  9.5000E-03  9.5000E-03  9.5000E-03  9.5000E-03  9.5000E-03
 625.0  9.3000E-03  9.3000E-03  9.3000E-03  9.3000E-03  9.3000E-03
 635.0  9.2000E-03  9.2000E-03  9.2000E-03  9.2000E-03  9.2000E-03
 645.0  9.1000E-03  9.1000E-03  9.1000E-03  9.1000E-03  9.1000E-03
 655.0  9.0000E-03  9.0000E-03  9.0000E-03  9.0000E-03  9.0000E-03
 665.0  8.8000E-03  8.8000E-03  8.8000E-03  8.8000E-03  8.8000E-03
 675.0  8.6000E-03  8.6000E-03  8.6000E-03  8.6000E-03  8.6000E-03
 685.0  8.6000E-03  8.6000E-03  8.6000E-03  8.6000E-03  8.6000E-03
 695.0  8.6000E-03  8.6000E-03  8.6000E-03  8.6000E-03  8.6000E-03
"a" "abs coef a (1/m)"      96       6
 " "
" " "wavelen"    0.000    5.000   10.000   15.000   20.000
 405.0  2.5368E-01  2.5368E-01  2.5368E-01  2.5368E-01  2.5368E-01
 415.0  2.2873E-01  2.2873E-01  2.2873E-01  2.2873E-01  2.2873E-01
 425.0  2.0835E-01  2.0835E-01  2.0835E-01  2.0835E-01  2.0835E-01
 435.0  1.9255E-01  1.9255E-01  1.9255E-01  1.9255E-01  1.9255E-01
 445.0  1.7788E-01  1.7788E-01  1.7788E-01  1.7788E-01  1.7788E-01
 455.0  1.6471E-01  1.6471E-01  1.6471E-01  1.6471E-01  1.6471E-01
 465.0  1.5190E-01  1.5190E-01  1.5190E-01  1.5190E-01  1.5190E-01
 475.0  1.3995E-01  1.3995E-01  1.3995E-01  1.3995E-01  1.3995E-01
 485.0  1.2995E-01  1.2995E-01  1.2995E-01  1.2995E-01  1.2995E-01
 495.0  1.2290E-01  1.2290E-01  1.2290E-01  1.2290E-01  1.2290E-01
 505.0  1.2785E-01  1.2785E-01  1.2785E-01  1.2785E-01  1.2785E-01
 515.0  1.3890E-01  1.3890E-01  1.3890E-01  1.3890E-01  1.3890E-01
 525.0  1.4022E-01  1.4022E-01  1.4022E-01  1.4022E-01  1.4022E-01
 535.0  1.3723E-01  1.3723E-01  1.3723E-01  1.3723E-01  1.3723E-01
 545.0  1.4333E-01  1.4333E-01  1.4333E-01  1.4333E-01  1.4333E-01
 555.0  1.5128E-01  1.5128E-01  1.5128E-01  1.5128E-01  1.5128E-01
 565.0  1.5761E-01  1.5761E-01  1.5761E-01  1.5761E-01  1.5761E-01
 575.0  1.8145E-01  1.8145E-01  1.8145E-01  1.8145E-01  1.8145E-01
 585.0  2.4145E-01  2.4145E-01  2.4145E-01  2.4145E-01  2.4145E-01
 595.0  3.7875E-01  3.7875E-01  3.7875E-01  3.7875E-01  3.7875E-01
 605.0  5.1320E-01  5.1320E-01  5.1320E-01  5.1320E-01  5.1320E-01
 615.0  5.6025E-01  5.6025E-01  5.6025E-01  5.6025E-01  5.6025E-01
 625.0  5.8385E-01  5.8385E-01  5.8385E-01  5.8385E-01  5.8385E-01
 635.0  6.2890E-01  6.2890E-01  6.2890E-01  6.2890E-01  6.2890E-01
 645.0  6.7080E-01  6.7080E-01  6.7080E-01  6.7080E-01  6.7080E-01
 655.0  7.6690E-01  7.6690E-01  7.6690E-01  7.6690E-01  7.6690E-01
 665.0  8.8120E-01  8.8120E-01  8.8120E-01  8.8120E-01  8.8120E-01
 675.0  9.3620E-01  9.3620E-01  9.3620E-01  9.3620E-01  9.3620E-01
 685.0  9.9940E-01  9.9940E-01  9.9940E-01  9.9940E-01  9.9940E-01
 695.0  1.1435E+00  1.1435E+00  1.1435E+00  1.1435E+00  1.1435E+00
 " "
" " "a (1/m) for component  1"
" " "wavelen"    0.000    5.000   10.000   15.000   20.000
 405.0  5.6800E-03  5.6800E-03  5.6800E-03  5.6800E-03  5.6800E-03
 415.0  4.6350E-03  4.6350E-03  4.6350E-03  4.6350E-03  4.6350E-03
 425.0  4.7450E-03  4.7450E-03  4.7450E-03  4.7450E-03  4.7450E-03
 435.0  5.6500E-03  5.6500E-03  5.6500E-03  5.6500E-03  5.6500E-03
 445.0  7.7850E-03  7.7850E-03  7.7850E-03  7.7850E-03  7.7850E-03
 455.0  9.5050E-03  9.5050E-03  9.5050E-03  9.5050E-03  9.5050E-03
 465.0  1.0195E-02  1.0195E-02  1.0195E-02  1.0195E-02  1.0195E-02
 475.0  1.1650E-02  1.1650E-02  1.1650E-02  1.1650E-02  1.1650E-02
 485.0  1.3850E-02  1.3850E-02  1.3850E-02  1.3850E-02  1.3850E-02
 495.0  1.7700E-02  1.7700E-02  1.7700E-02  1.7700E-02  1.7700E-02
 505.0  2.6450E-02  2.6450E-02  2.6450E-02  2.6450E-02  2.6450E-02
 515.0  3.6700E-02  3.6700E-02  3.6700E-02  3.6700E-02  3.6700E-02
 525.0  4.2150E-02  4.2150E-02  4.2150E-02  4.2150E-02  4.2150E-02
 535.0  4.5400E-02  4.5400E-02  4.5400E-02  4.5400E-02  4.5400E-02
 545.0  5.1950E-02  5.1950E-02  5.1950E-02  5.1950E-02  5.1950E-02
 555.0  5.9200E-02  5.9200E-02  5.9200E-02  5.9200E-02  5.9200E-02
 565.0  6.5700E-02  6.5700E-02  6.5700E-02  6.5700E-02  6.5700E-02
 575.0  7.9550E-02  7.9550E-02  7.9550E-02  7.9550E-02  7.9550E-02
 585.0  1.1235E-01  1.1235E-01  1.1235E-01  1.1235E-01  1.1235E-01
 595.0  1.7875E-01  1.7875E-01  1.7875E-01  1.7875E-01  1.7875E-01
 605.0  2.4340E-01  2.4340E-01  2.4340E-01  2.4340E-01  2.4340E-01
 615.0  2.6995E-01  2.6995E-01  2.6995E-01  2.6995E-01  2.6995E-01
 625.0  2.8355E-01  2.8355E-01  2.8355E-01  2.8355E-01  2.8355E-01
 635.0  3.0480E-01  3.0480E-01  3.0480E-01  3.0480E-01  3.0480E-01
 645.0  3.2900E-01  3.2900E-01  3.2900E-01  3.2900E-01  3.2900E-01
 655.0  3.7500E-01  3.7500E-01  3.7500E-01  3.7500E-01  3.7500E-01
 665.0  4.2450E-01  4.2450E-01  4.2450E-01  4.2450E-01  4.2450E-01
 675.0  4.5200E-01  4.5200E-01  4.5200E-01  4.5200E-01  4.5200E-01
 685.0  4.9050E-01  4.9050E-01  4.9050E-01  4.9050E-01  4.9050E-01
 695.0  5.7000E-01  5.7000E-01  5.7000E-01  5.7000E-01  5.7000E-01
 " "
" " "a (1/m) for component  2"
" " "wavelen"    0.000    5.000   10.000   15.000   20.000
 405.0  2.4800E-01  2.4800E-01  2.4800E-01  2.4800E-01  2.4800E-01
 415.0  2.2410E-01  2.2410E-01  2.2410E-01  2.2410E-01  2.2410E-01
 425.0  2.0360E-01  2.0360E-01  2.0360E-01  2.0360E-01  2.0360E-01
 435.0  1.8690E-01  1.8690E-01  1.8690E-01  1.8690E-01  1.8690E-01
 445.0  1.7010E-01  1.7010E-01  1.7010E-01  1.7010E-01  1.7010E-01
 455.0  1.5520E-01  1.5520E-01  1.5520E-01  1.5520E-01  1.5520E-01
 465.0  1.4170E-01  1.4170E-01  1.4170E-01  1.4170E-01  1.4170E-01
 475.0  1.2830E-01  1.2830E-01  1.2830E-01  1.2830E-01  1.2830E-01
 485.0  1.1610E-01  1.1610E-01  1.1610E-01  1.1610E-01  1.1610E-01
 495.0  1.0520E-01  1.0520E-01  1.0520E-01  1.0520E-01  1.0520E-01
 505.0  1.0140E-01  1.0140E-01  1.0140E-01  1.0140E-01  1.0140E-01
 515.0  1.0220E-01  1.0220E-01  1.0220E-01  1.0220E-01  1.0220E-01
 525.0  9.8070E-02  9.8070E-02  9.8070E-02  9.8070E-02  9.8070E-02
 535.0  9.1830E-02  9.1830E-02  9.1830E-02  9.1830E-02  9.1830E-02
 545.0  9.1380E-02  9.1380E-02  9.1380E-02  9.1380E-02  9.1380E-02
 555.0  9.2080E-02  9.2080E-02  9.2080E-02  9.2080E-02  9.2080E-02
 565.0  9.1910E-02  9.1910E-02  9.1910E-02  9.1910E-02  9.1910E-02
 575.0  1.0190E-01  1.0190E-01  1.0190E-01  1.0190E-01  1.0190E-01
 585.0  1.2910E-01  1.2910E-01  1.2910E-01  1.2910E-01  1.2910E-01
 595.0  2.0000E-01  2.0000E-01  2.0000E-01  2.0000E-01  2.0000E-01
 605.0  2.6980E-01  2.6980E-01  2.6980E-01  2.6980E-01  2.6980E-01
 615.0  2.9030E-01  2.9030E-01  2.9030E-01  2.9030E-01  2.9030E-01
 625.0  3.0030E-01  3.0030E-01  3.0030E-01  3.0030E-01  3.0030E-01
 635.0  3.2410E-01  3.2410E-01  3.2410E-01  3.2410E-01  3.2410E-01
 645.0  3.4180E-01  3.4180E-01  3.4180E-01  3.4180E-01  3.4180E-01
 655.0  3.9190E-01  3.9190E-01  3.9190E-01  3.9190E-01  3.9190E-01
 665.0  4.5670E-01  4.5670E-01  4.5670E-01  4.5670E-01  4.5670E-01
 675.0  4.8420E-01  4.8420E-01  4.8420E-01  4.8420E-01  4.8420E-01
 685.0  5.0890E-01  5.0890E-01  5.0890E-01  5.0890E-01  5.0890E-01
 695.0  5.7350E-01  5.7350E-01  5.7350E-01  5.7350E-01  5.7350E-01
